{
  "metadata": {
    "language_info": {
      "codemirror_mode": {
        "name": "ipython",
        "version": 3
      },
      "file_extension": ".py",
      "mimetype": "text/x-python",
      "name": "python",
      "nbconvert_exporter": "python",
      "pygments_lexer": "ipython3",
      "version": "3.7.6"
    },
    "orig_nbformat": 2,
    "kernelspec": {
      "name": "python3",
      "display_name": "Python 3.7.6 64-bit ('base': conda)",
      "metadata": {
        "interpreter": {
          "hash": "b3ba2566441a7c06988d0923437866b63cedc61552a5af99d1f4fb67d367b25f"
        }
      }
    },
    "colab": {
      "name": "task.II.14.ipynb",
      "provenance": []
    }
  },
  "nbformat": 4,
  "nbformat_minor": 0,
  "cells": [
    {
      "source": [
        "#### продолжение"
      ],
      "cell_type": "markdown",
      "metadata": {
        "id": "Lw_uK3QAdwGQ"
      }
    },
    {
      "cell_type": "code",
      "execution_count": null,
      "metadata": {
        "id": "T4e8Ox9cdwGV"
      },
      "outputs": [],
      "source": [
        "import numpy as np\n",
        "import scipy as sp\n",
        "import matplotlib as plt\n",
        "from numpy import linalg"
      ]
    },
    {
      "cell_type": "code",
      "execution_count": null,
      "metadata": {
        "id": "uW20YewQdwGZ",
        "outputId": "27bbc6ff-a213-4715-d492-2deed13b7d6b"
      },
      "outputs": [
        {
          "output_type": "stream",
          "name": "stdout",
          "text": [
            "U: \n [[-0.98872048 -0.14977252]\n [-0.14977252  0.98872048]]\nSigma: \n  [[18.44109698  0.        ]\n [ 0.          1.55754364]]\nV^T: \n  [[-0.51746472 -0.46384966 -0.41023461 -0.35661955 -0.30300449 -0.24938943\n  -0.19577437 -0.14215932 -0.08854426 -0.0349292 ]\n [-0.27871995 -0.18256051 -0.08640107  0.00975837  0.10591781  0.20207725\n   0.29823669  0.39439613  0.49055557  0.586715  ]\n [-0.40996244 -0.13321446  0.88908532 -0.09553988 -0.08016508 -0.06479029\n  -0.04941549 -0.03404069 -0.01866589 -0.0032911 ]\n [-0.37032722 -0.03541156 -0.09960334  0.90763114 -0.08513438 -0.07789989\n  -0.07066541 -0.06343093 -0.05619645 -0.04896196]\n [-0.330692    0.06239134 -0.088292   -0.08919783  0.90989633 -0.0910095\n  -0.09191533 -0.09282117 -0.093727   -0.09463283]\n [-0.29105679  0.16019424 -0.07698066 -0.08602681 -0.09507296  0.89588089\n  -0.11316526 -0.1222114  -0.13125755 -0.1403037 ]\n [-0.25142157  0.25799714 -0.06566932 -0.08285578 -0.10004225 -0.11722871\n   0.86558482 -0.15160164 -0.16878811 -0.18597457]\n [-0.21178635  0.35580004 -0.05435798 -0.07968476 -0.10501154 -0.13033832\n  -0.1556651   0.81900812 -0.20631866 -0.23164544]\n [-0.17215113  0.45360294 -0.04304664 -0.07651374 -0.10998083 -0.14344793\n  -0.17691502 -0.21038212  0.75615079 -0.27731631]\n [-0.13251592  0.55140584 -0.0317353  -0.07334271 -0.11495012 -0.15655753\n  -0.19816495 -0.23977236 -0.28137977  0.67701282]]\n"
          ]
        }
      ],
      "source": [
        "#Матрица A полученная руками\n",
        "A = np.asarray([[19/2, 17/2, 15/2, 13/2, 11/2, 9/2, 7/2, 5/2, 3/2, 1/2], [1, 1, 1, 1, 1, 1, 1, 1, 1, 1]])\n",
        "\n",
        "#SVD decomposition:\n",
        "U, E, V = linalg.svd(A)\n",
        "E = np.diag(E)\n",
        "print('U: \\n', U)\n",
        "print('Sigma: \\n ', E)\n",
        "print('V^T: \\n ', V)\n",
        "\n"
      ]
    },
    {
      "cell_type": "code",
      "execution_count": null,
      "metadata": {
        "id": "280zbna0dwGc",
        "outputId": "f3212392-4b6b-4486-c3a7-2c8ab1080ae8"
      },
      "outputs": [
        {
          "output_type": "stream",
          "name": "stdout",
          "text": [
            "E^-1: \n [[0.05422671 0.        ]\n [0.         0.64203659]\n [0.         0.        ]\n [0.         0.        ]\n [0.         0.        ]\n [0.         0.        ]\n [0.         0.        ]\n [0.         0.        ]\n [0.         0.        ]\n [0.         0.        ]]\nV: \n [[-0.51746472 -0.27871995 -0.40996244 -0.37032722 -0.330692   -0.29105679\n  -0.25142157 -0.21178635 -0.17215113 -0.13251592]\n [-0.46384966 -0.18256051 -0.13321446 -0.03541156  0.06239134  0.16019424\n   0.25799714  0.35580004  0.45360294  0.55140584]\n [-0.41023461 -0.08640107  0.88908532 -0.09960334 -0.088292   -0.07698066\n  -0.06566932 -0.05435798 -0.04304664 -0.0317353 ]\n [-0.35661955  0.00975837 -0.09553988  0.90763114 -0.08919783 -0.08602681\n  -0.08285578 -0.07968476 -0.07651374 -0.07334271]\n [-0.30300449  0.10591781 -0.08016508 -0.08513438  0.90989633 -0.09507296\n  -0.10004225 -0.10501154 -0.10998083 -0.11495012]\n [-0.24938943  0.20207725 -0.06479029 -0.07789989 -0.0910095   0.89588089\n  -0.11722871 -0.13033832 -0.14344793 -0.15655753]\n [-0.19577437  0.29823669 -0.04941549 -0.07066541 -0.09191533 -0.11316526\n   0.86558482 -0.1556651  -0.17691502 -0.19816495]\n [-0.14215932  0.39439613 -0.03404069 -0.06343093 -0.09282117 -0.1222114\n  -0.15160164  0.81900812 -0.21038212 -0.23977236]\n [-0.08854426  0.49055557 -0.01866589 -0.05619645 -0.093727   -0.13125755\n  -0.16878811 -0.20631866  0.75615079 -0.28137977]\n [-0.0349292   0.586715   -0.0032911  -0.04896196 -0.09463283 -0.1403037\n  -0.18597457 -0.23164544 -0.27731631  0.67701282]]\nU^T: \n [[-0.98872048 -0.14977252]\n [-0.14977252  0.98872048]]\n"
          ]
        }
      ],
      "source": [
        "#расширяем до 2х10\n",
        "E_inv = np.lib.pad(linalg.inv(E), ((0,8),(0,0)), 'constant', constant_values=(0))\n",
        "print('E^-1: \\n', E_inv)\n",
        "\n",
        "print('V: \\n', V.transpose())\n",
        "print('U^T: \\n', U.transpose())"
      ]
    },
    {
      "cell_type": "code",
      "execution_count": null,
      "metadata": {
        "id": "ZUiWJlH3dwGe",
        "outputId": "f022f2bf-b14b-4987-f3aa-8fd285a39f9a"
      },
      "outputs": [
        {
          "output_type": "stream",
          "name": "stdout",
          "text": [
            "pseudo inverse A:\n [[ 0.05454545 -0.17272727]\n [ 0.04242424 -0.11212121]\n [ 0.03030303 -0.05151515]\n [ 0.01818182  0.00909091]\n [ 0.00606061  0.06969697]\n [-0.00606061  0.13030303]\n [-0.01818182  0.19090909]\n [-0.03030303  0.25151515]\n [-0.04242424  0.31212121]\n [-0.05454545  0.37272727]]\n"
          ]
        }
      ],
      "source": [
        "#так как V E^-1 U^T - псевдообратная:\n",
        "pseudo_inverse_A = V.transpose() @ E_inv @ U.transpose()\n",
        "print('pseudo inverse A:\\n', pseudo_inverse_A)"
      ]
    },
    {
      "cell_type": "code",
      "execution_count": null,
      "metadata": {
        "id": "MF63WCMYdwGf",
        "outputId": "244d1dec-08b6-4412-abe2-0e7dff85c10e"
      },
      "outputs": [
        {
          "output_type": "stream",
          "name": "stdout",
          "text": [
            "f: \n [ 0.05454545  0.04242424  0.03030303  0.01818182  0.00606061 -0.00606061\n -0.01818182 -0.03030303 -0.04242424 -0.05454545]\ntest a = \n [ 1.00000000e+00 -2.08166817e-17]\n"
          ]
        }
      ],
      "source": [
        "#найдем f, такое что a=(1,0)\n",
        "f = pseudo_inverse_A @ ( 1,0 )\n",
        "print('f: \\n', f)\n",
        "print('test a = \\n', A @ f)"
      ]
    }
  ]
}